epoch1:0.4455658080225554
epoch2:0.4448929898756888
epoch1:0.4455658080225554
epoch2:0.4448929898756888
epoch3:0.4448609509163142
epoch4:0.4448609509163142
epoch5:0.4448609509163142
epoch6:0.4448929898756888
epoch7:0.44482891195693963
epoch8:0.44473279507881586
epoch9:0.44479687299756504
epoch10:0.44479687299756504
